recovered
17
59
79
105
131
166
235
294
384
502
632
836
1057
1382
1716
2176
2772
3460
4189
5012
5862
7170
8103
9619
11084
12614
14420
16380
18275
20544
23004
24843
27326
29893
32464
35239
38905
41837
44695
47410
50147
52847
55056
56768
58472
60162
61719
63033
64642
65962
67289
68736
70111
70967
71914
72838
73665
74398
74995
75701
75973
76436
76931
77338
77880
78266
active
554
771
1208
1870
2613
4349
5739
7417
9308
11289
13748
16369
19383
22942
26302
28985
31774
33738
35982
37626
38791
51591
55748
56873
57416
57934
58016
57805
56301
54921
53284
52093
49824
47765
45600
43258
39919
37414
35129
32616
30004
27423
25353
23784
22179
20533
19016
17721
16136
14831
13524
12088
10733
9893
8967
8056
7263
6569
6013
5353
5120
4735
4287
3947
3460
3128
cases
571
830
1287
1975
2744
4515
5974
7711
9692
11791
14380
17205
20440
24324
28018
31161
34546
37198
40171
42638
44653
58761
63851
66492
68500
70548
72436
74185
74576
75465
76288
76936
77150
77658
78064
78497
78824
79251
79824
80026
80151
80270
80409
80552
80651
80695
80735
80754
80778
80793
80813
80824
80844
80860
80881
80894
80928
80967
81008
81054
81093
81171
81218
81285
81340
81394
deaths
17
25
41
56
80
106
132
170
213
259
304
361
425
490
563
636
722
811
908
1016
1113
1259
1380
1523
1665
1770
1868
2004
2118
2236
2345
2442
2592
2663
2715
2744
2788
2835
2870
2912
2943
2981
3012
3042
3070
3097
3119
3136
3158
3169
3176
3189
3199
3213
3226
3237
3245
3248
3255
3261
3270
3277
3281
3287
3292
3295
demographics
population
1439323776
