demographics
population
60461826
cases
0
0
0
0
0
0
0
0
0
0
0
0
0
0
0
0
0
0
0
0
0
0
0
0
3
3
3
3
3
4
21
79
157
229
323
470
655
889
1128
1701
2036
2502
3089
3858
4636
5883
7375
9172
10149
12462
15113
17660
21157
24747
27980
31506
35713
41035
47021
53578
59138
63927
69176
74386
80589
86498
92472
97689
101739
105792
110574
115242
119827
124632
128948
132547
135586
139422
143626
147577
152271
156363
159516
deaths
0
0
0
0
0
0
0
0
0
0
0
0
0
0
0
0
0
0
0
0
0
0
0
0
0
0
0
0
0
0
1
2
3
7
11
12
17
21
29
41
52
79
107
148
197
233
366
463
631
827
1016
1266
1441
1809
2158
2503
2978
3405
4032
4825
5476
6077
6820
7503
8215
9134
10023
10779
11591
12428
13155
13915
14681
15362
15887
16523
17127
17669
18279
18849
19468
19899
20465
recovered
0
0
0
0
0
0
0
0
0
0
0
0
0
0
0
0
0
0
0
0
0
0
0
0
0
0
0
0
0
0
2
4
5
8
13
15
62
67
79
124
201
239
383
562
720
822
988
1187
1635
1872
2274
2705
3407
4144
4907
5444
7003
7845
9161
10897
12500
13509
15146
16865
18576
20084
22407
23809
26211
28157
30002
32193
34439
36358
37702
39360
41519
44160
46749
49304
52002
54110
55900
active
0
0
0
0
0
0
0
0
0
0
0
0
0
0
0
0
0
0
0
0
0
0
0
0
3
3
3
3
3
4
19
75
152
221
310
455
593
822
1049
1577
1835
2263
2706
3296
3916
5061
6387
7985
8514
10590
12839
14955
17750
20603
23073
26062
28710
33190
37860
42681
46638
50418
54030
57521
62013
66414
70065
73880
75528
77635
80572
83049
85388
88274
91246
93187
94067
95262
96877
98273
100269
102253
103616
