demographics
population
331002651
cases
0
0
0
0
0
0
0
0
0
0
0
0
0
0
0
0
0
0
0
0
0
0
0
0
15
15
15
15
15
15
35
35
35
53
57
60
60
63
68
75
100
124
158
221
319
435
541
704
994
1301
1630
2183
2770
3613
4596
6344
9197
13779
19367
24192
33592
43781
54856
68211
85435
active
0
0
0
0
0
0
0
0
0
0
0
0
0
0
0
0
0
0
0
0
0
0
0
0
12
12
12
12
12
10
29
29
28
48
51
54
54
57
60
65
85
106
138
200
289
401
504
663
949
1248
1581
2126
2664
3484
4434
6127
8940
13464
18965
23720
33000
42930
53697
66790
82272
deaths
0
0
0
0
0
0
0
0
0
0
0
0
0
0
0
0
0
0
0
0
0
0
0
0
0
0
0
0
0
0
0
0
0
0
0
0
0
0
1
1
6
9
11
12
15
19
22
26
30
38
41
48
57
69
87
110
150
206
255
301
414
555
780
1027
1295
recovered
0
0
0
0
0
0
0
0
0
0
0
0
0
0
0
0
0
0
0
0
0
0
0
0
3
3
3
3
3
5
6
6
7
5
6
6
6
6
8
10
15
18
20
21
30
34
37
41
45
53
49
57
106
129
162
217
257
315
402
472
592
851
1159
1421
3163
