demographics
population
83783942
cases
0
0
0
0
0
0
0
0
0
0
0
0
0
0
0
0
0
0
0
0
0
0
0
0
16
16
16
16
16
16
16
16
16
16
18
26
48
74
79
130
165
203
262
545
670
800
1040
1224
1565
1966
2745
3675
4599
5813
7272
9367
12327
15320
19848
22364
24873
29056
32991
37323
43938
50871
57695
62435
66885
71808
77981
84794
91159
96092
100123
103375
107663
113296
118235
122171
125452
127854
130072
deaths
0
0
0
0
0
0
0
0
0
0
0
0
0
0
0
0
0
0
0
0
0
0
0
0
0
0
0
0
0
0
0
0
0
0
0
0
0
0
0
0
0
0
0
0
0
0
0
2
2
3
6
8
9
13
17
26
28
44
68
84
94
123
159
206
267
351
433
541
645
775
931
1107
1275
1444
1584
1810
2016
2349
2607
2736
2871
3022
3194
recovered
0
0
0
0
0
0
0
0
0
0
0
0
0
0
0
0
0
0
0
0
0
0
0
0
3
3
7
9
9
13
14
14
14
14
15
15
16
16
16
16
16
16
16
17
18
18
18
20
20
28
31
54
55
59
84
93
133
159
248
293
360
576
3449
3753
5940
7009
8914
9752
14145
16875
19631
23547
25850
27844
30284
30510
38097
48649
55014
56649
60271
63322
67494
active
0
0
0
0
0
0
0
0
0
0
0
0
0
0
0
0
0
0
0
0
0
0
0
0
13
13
9
7
7
3
2
2
2
2
3
11
32
58
63
114
149
187
246
528
652
782
1022
1204
1545
1938
2714
3621
4544
5754
7188
9274
12194
15161
19600
22071
24513
28480
29542
33570
37998
43862
48781
52683
52740
54933
58350
61247
65309
68248
69839
72865
69566
64647
63221
65522
65181
64532
62578
