demographics
population
65273511
cases
0
0
0
0
0
0
0
0
0
0
0
0
0
0
0
0
0
0
0
0
0
0
0
0
12
12
12
12
12
12
12
12
12
12
14
18
38
57
100
130
191
212
285
423
653
949
1209
1412
1784
2281
2876
3661
4499
5423
6633
7730
9134
10995
12612
14459
16018
19856
22304
25233
29155
32964
37575
40174
44550
52128
56989
59105
82165
89953
92839
98010
109069
112950
117749
124869
129654
132591
136779
deaths
0
0
0
0
0
0
0
0
0
0
0
0
0
0
0
0
0
0
0
0
0
0
0
0
1
1
1
1
1
1
1
1
1
1
1
2
2
2
2
2
3
4
4
7
9
16
19
30
33
48
61
79
91
127
148
175
264
372
450
562
674
860
1100
1331
1696
1995
2314
2606
3024
3523
4032
5387
6507
7560
8078
8911
10328
10869
12210
13197
13832
14393
14967
recovered
0
0
0
0
0
0
0
0
0
0
0
0
0
0
0
0
0
0
0
0
0
0
0
0
5
5
6
8
8
8
8
11
11
12
12
13
13
13
14
14
15
16
16
19
21
28
31
42
45
60
73
91
103
139
160
777
866
1667
2037
2149
2874
3060
4381
5231
6644
7695
8014
9808
10951
12967
14967
17815
20515
22998
24261
26161
29665
32123
35416
38129
40223
41579
42685
active
0
0
0
0
0
0
0
0
0
0
0
0
0
0
0
0
0
0
0
0
0
0
0
0
7
7
6
4
4
4
4
1
1
0
2
5
25
44
86
116
176
196
269
404
632
921
1178
1370
1739
2221
2803
3570
4396
5284
6473
6953
8268
9328
10575
12310
13144
16796
17923
20002
22511
25269
29561
30366
33599
39161
42022
41290
61650
66955
68578
71849
79404
80827
82333
86740
89431
91012
94094
