demographics
population
10423054
cases
0
0
0
0
0
0
0
0
0
0
0
0
0
0
0
0
0
0
0
0
0
0
0
0
0
0
0
0
0
0
0
0
0
0
0
1
3
4
7
7
7
7
9
31
45
66
73
84
89
99
117
190
228
331
352
387
418
464
495
530
624
695
743
821
892
966
1061
1156
1212
1314
1415
1544
1613
1673
1735
1755
1832
1884
1955
2011
2081
2114
2145
deaths
0
0
0
0
0
0
0
0
0
0
0
0
0
0
0
0
0
0
0
0
0
0
0
0
0
0
0
0
0
0
0
0
0
0
0
0
0
0
0
0
0
0
0
0
0
0
0
0
0
0
1
1
3
4
4
5
5
6
10
13
15
17
20
22
27
28
32
39
46
49
51
53
63
68
73
79
81
83
87
92
93
98
99
recovered
0
0
0
0
0
0
0
0
0
0
0
0
0
0
0
0
0
0
0
0
0
0
0
0
0
0
0
0
0
0
0
0
0
0
0
0
0
0
0
0
0
0
0
0
0
0
0
0
0
0
1
3
11
12
12
19
19
25
29
32
34
46
49
58
63
80
84
91
98
101
103
114
141
146
151
348
350
352
356
361
362
367
368
active
0
0
0
0
0
0
0
0
0
0
0
0
0
0
0
0
0
0
0
0
0
0
0
0
0
0
0
0
0
0
0
0
0
0
0
1
3
4
7
7
7
7
9
31
45
66
73
84
89
99
116
187
217
319
340
368
399
439
466
498
590
649
694
763
829
886
977
1065
1114
1213
1312
1430
1472
1527
1584
1407
1482
1532
1599
1650
1719
1747
1777
