demographics
population
46754778
cases
0
0
0
0
0
0
0
0
0
0
0
0
0
0
0
0
0
0
0
0
0
0
0
0
2
2
2
2
2
2
2
2
2
3
9
13
25
33
58
84
120
165
228
282
401
525
674
1231
1695
2277
3146
5232
6391
7988
9942
11826
14769
18077
21571
25496
28768
35136
42058
49515
57786
65719
73235
80110
87956
95923
104118
112065
119199
126168
131646
136675
141942
148220
153222
158273
deaths
0
0
0
0
0
0
0
0
0
0
0
0
0
0
0
0
0
0
0
0
0
0
0
0
0
0
0
0
0
0
0
0
0
0
0
0
0
0
0
0
0
1
2
3
8
10
17
30
36
55
86
133
196
294
342
533
638
831
1093
1381
1772
2311
2991
3647
4365
5138
5982
6803
7716
8464
9387
10348
11198
11947
12641
13341
14045
14792
15447
16081
recovered
0
0
0
0
0
0
0
0
0
0
0
0
0
0
0
0
0
0
0
0
0
0
0
0
2
2
2
2
2
2
2
2
2
2
2
2
2
2
2
2
2
3
4
6
14
40
49
62
171
238
275
326
713
811
872
1561
1719
1938
2681
3506
4347
5666
6785
9014
11380
14495
18267
21512
24496
27723
32034
37091
41711
46166
50721
53778
57253
62813
67612
71749
active
0
0
0
0
0
0
0
0
0
0
0
0
0
0
0
0
0
0
0
0
0
0
0
0
0
0
0
0
0
0
0
0
0
1
7
11
23
31
56
82
118
162
224
276
387
485
625
1169
1524
2039
2871
4906
5678
7177
9070
10265
13050
16139
18890
21990
24421
29470
35273
40501
46406
51224
54968
58598
63460
68200
72084
74974
77488
80002
80925
82897
84689
85407
85610
86524
