demographics
population
7794798739
cases
580
845
1317
2015
2800
4581
6058
7813
9823
11950
14553
17391
20630
24545
28266
31439
34876
37552
40553
43099
45134
59287
64438
67100
69197
71329
73332
75184
75700
76677
77673
78651
79205
80087
80828
81820
83112
84615
86604
88585
90443
93016
95314
98425
102050
106099
109991
114381
118948
126214
134509
145416
156475
169511
182431
198161
218843
244988
275680
305132
337612
379105
422940
471497
532491
597044
663805
724220
786006
859798
936851
1016948
1118684
1203505
1275007
1349051
1434167
1518614
1604252
1698881
1779842
1852365
1923937
deaths
17
25
41
56
80
106
132
170
213
259
304
362
426
492
565
638
724
813
910
1018
1115
1261
1383
1526
1669
1775
1873
2009
2126
2247
2360
2460
2618
2699
2763
2800
2858
2923
2977
3050
3117
3202
3285
3387
3494
3599
3827
4025
4296
4628
4981
5428
5833
6520
7162
7979
8951
10030
11386
13011
14640
16514
18895
21283
24074
27345
30863
34074
37783
42320
47210
53189
58909
64708
69447
74678
82063
88480
95714
102688
108780
114197
119618
recovered
17
59
79
105
131
166
235
294
384
502
632
866
1069
1399
1738
2200
2807
3497
4233
5061
5918
7248
8191
9722
11207
12748
14585
16562
18483
20771
23255
25110
27609
30165
32814
35605
39378
42353
45307
48172
51225
54146
56809
58992
61103
63771
66105
68081
70917
72935
75341
78003
81758
83973
86791
90603
94292
98195
102962
108509
113270
118588
127792
135531
148041
160441
172853
185423
203212
220488
241426
265453
287594
311271
332914
353388
384281
418837
452151
478942
511489
537596
564329
active
563
786
1238
1910
2669
4415
5823
7519
9439
11448
13921
16525
19561
23146
26528
29239
32069
34055
36320
38038
39216
52039
56247
57378
57990
58581
58747
58622
57217
55906
54418
53541
51596
49922
48014
46215
43734
42262
41297
40413
39218
38870
38505
39433
40947
42328
43886
46300
48031
53279
59168
67413
74717
85538
95640
107558
124551
146793
172718
196623
224342
260517
295148
335966
384450
436603
490952
538797
582794
639310
695425
751495
831090
892234
942093
995663
1049886
1099777
1152101
1219939
1268353
1314769
1359608
