demographics
population
331002651
cases
0
0
0
0
0
0
0
0
0
0
0
0
0
0
0
0
0
0
0
0
0
0
0
0
15
15
15
15
15
15
35
35
35
53
57
60
60
63
68
75
100
124
158
221
319
435
541
704
994
1301
1630
2183
2770
3613
4596
6346
9296
13865
19497
24345
33745
44056
55222
68673
86061
104804
124256
144321
165053
189967
216622
246729
279183
313379
338779
370019
403521
435518
469124
502876
532879
560300
586941
deaths
0
0
0
0
0
0
0
0
0
0
0
0
0
0
0
0
0
0
0
0
0
0
0
0
0
0
0
0
0
0
0
0
0
0
0
0
0
0
1
1
6
9
11
12
15
19
22
26
30
38
41
48
57
69
87
110
150
206
255
301
414
556
781
1028
1296
1697
2222
2592
3150
4064
5114
6088
7139
8469
9636
10895
12868
14811
16712
18747
20577
22105
23640
recovered
0
0
0
0
0
0
0
0
0
0
0
0
0
0
0
0
0
0
0
0
0
0
0
0
3
3
3
3
3
5
6
6
7
5
6
6
6
6
8
10
15
18
20
21
30
34
37
41
45
53
49
57
106
129
162
217
264
317
405
475
595
857
1178
1442
3189
4256
5490
7188
8698
11366
14049
16574
19520
23392
27711
30742
34743
37702
42640
46061
51030
54739
60588
active
0
0
0
0
0
0
0
0
0
0
0
0
0
0
0
0
0
0
0
0
0
0
0
0
12
12
12
12
12
10
29
29
28
48
51
54
54
57
60
65
85
106
138
200
289
401
504
663
949
1248
1581
2126
2664
3484
4434
6129
9032
13548
19092
23870
33150
43199
54044
67231
82872
100548
118766
137133
156355
178601
202573
230155
259663
289987
311068
339277
368778
397816
426484
456815
481849
505561
526353
