deaths
17
25
41
56
80
106
132
170
213
259
304
362
426
492
565
638
724
813
910
1018
1115
1261
1383
1526
1669
1775
1873
2009
2126
2247
2360
2460
2618
2699
2763
2800
2858
2923
2977
3050
3117
3202
3285
3387
3494
3599
3827
4025
4296
4628
4981
5428
5833
6520
7162
7979
8951
10030
11386
13011
14640
16513
18894
21282
24073
27343
30861
cases
580
845
1317
2015
2800
4581
6058
7813
9823
11950
14553
17391
20630
24545
28266
31439
34876
37552
40553
43099
45134
59287
64438
67100
69197
71329
73332
75184
75700
76677
77673
78651
79205
80087
80828
81820
83112
84615
86604
88585
90443
93016
95314
98425
102050
106099
109991
114381
118948
126214
134509
145416
156475
169517
182414
198159
218744
244902
275550
304979
337459
378830
422574
471035
531865
596366
663127
demographics
population
7794798739
recovered
17
59
79
105
131
166
235
294
384
502
632
866
1069
1399
1738
2200
2807
3497
4233
5061
5918
7248
8191
9722
11207
12748
14585
16562
18483
20771
23255
25110
27609
30165
32814
35605
39378
42353
45307
48172
51225
54146
56809
58992
61103
63771
66105
68081
70917
72935
75341
78003
81758
83973
86791
90603
94285
98193
102959
108506
113267
118582
127773
135510
148015
160402
172814
active
563
786
1238
1910
2669
4415
5823
7519
9439
11448
13921
16525
19561
23146
26528
29239
32069
34055
36320
38038
39216
52039
56247
57378
57990
58581
58747
58622
57217
55906
54418
53541
51596
49922
48014
46215
43734
42262
41297
40413
39218
38870
38505
39433
40947
42328
43886
46300
48031
53279
59168
67413
74717
85544
95623
107556
124459
146709
172591
196473
224192
260248
294801
335525
383850
435964
490313
